1744790529.53, -0.740, -2.002, -0.954, -1.756, 1.571, -0.740, 1.384, 2.798, -5.115, 2.316, -0.000, 1.384, -0.073, 0.073, 0.073, 0.073, 0.073, -0.073, -0.073, -0.073
1744790529.56, -0.693, -1.928, -1.085, -1.700, 1.571, -0.693, 1.428, 2.249, -3.965, 1.716, -0.000, 1.428, -0.073, 0.073, 0.073, 0.073, 0.073, -0.073, -0.073, -0.073
1744790529.60, -0.644, -1.865, -1.193, -1.655, 1.571, -0.644, 1.466, 1.909, -3.272, 1.363, -0.000, 1.466, -0.073, 0.073, 0.073, 0.073, 0.073, -0.073, -0.073, -0.073
1744790529.63, -0.595, -1.810, -1.285, -1.618, 1.571, -0.595, 1.499, 1.661, -2.782, 1.121, 0.000, 1.499, -0.073, 0.073, 0.073, 0.073, 0.073, -0.073, -0.073, -0.073
1744790529.66, -0.544, -1.762, -1.364, -1.586, 1.571, -0.544, 1.526, 1.461, -2.404, 0.944, -0.000, 1.526, -0.073, 0.073, 0.073, 0.073, 0.073, -0.073, -0.073, -0.073
1744790529.70, -0.493, -1.719, -1.433, -1.560, 1.571, -0.493, 1.547, 1.290, -2.098, 0.808, 0.000, 1.547, -0.073, 0.073, 0.073, 0.073, 0.073, -0.073, -0.073, -0.073
1744790529.73, -0.442, -1.682, -1.494, -1.537, 1.571, -0.442, 1.560, 1.138, -1.840, 0.702, 0.000, 1.560, -0.073, 0.073, 0.073, 0.073, 0.073, -0.073, -0.073, -0.073
1744790529.76, -0.390, -1.649, -1.547, -1.516, 1.571, -0.390, 1.565, 1.000, -1.618, 0.619, 0.000, 1.565, -0.073, 0.073, 0.073, 0.073, 0.073, -0.073, -0.073, -0.073
1744790529.80, -0.339, -1.620, -1.594, -1.498, 1.571, -0.339, 1.563, 0.871, -1.424, 0.553, 0.000, 1.563, -0.073, 0.073, 0.073, 0.073, 0.073, -0.073, -0.073, -0.073
1744790529.83, -0.287, -1.595, -1.636, -1.481, 1.571, -0.287, 1.552, 0.749, -1.251, 0.502, 0.000, 1.552, -0.073, 0.073, 0.073, 0.073, 0.073, -0.073, -0.073, -0.073
1744790529.86, -0.237, -1.574, -1.672, -1.466, 1.571, -0.237, 1.533, 0.634, -1.097, 0.463, -0.000, 1.533, -0.073, 0.073, 0.073, 0.073, 0.073, -0.073, -0.073, -0.073
1744790529.90, -0.187, -1.557, -1.704, -1.452, 1.571, -0.187, 1.506, 0.524, -0.957, 0.433, 0.000, 1.506, -0.073, 0.073, 0.073, 0.073, 0.073, -0.073, -0.073, -0.073
1744790529.93, -0.139, -1.543, -1.731, -1.438, 1.571, -0.139, 1.472, 0.420, -0.830, 0.410, 0.000, 1.472, -0.073, 0.073, 0.073, 0.073, 0.073, -0.073, -0.073, -0.073
1744790529.96, -0.091, -1.533, -1.755, -1.425, 1.571, -0.091, 1.432, 0.321, -0.714, 0.394, 0.000, 1.432, -0.073, 0.073, 0.073, 0.073, 0.073, -0.073, -0.073, -0.073
1744790530.00, -0.046, -1.525, -1.775, -1.413, 1.571, -0.046, 1.386, 0.228, -0.609, 0.381, 0.000, 1.386, -0.073, 0.073, 0.073, 0.073, 0.073, -0.073, -0.073, -0.073
1744790530.03, -0.002, -1.520, -1.791, -1.400, 1.571, -0.002, 1.335, 0.140, -0.512, 0.372, 0.000, 1.335, -0.073, 0.073, 0.073, 0.073, 0.073, -0.073, -0.073, -0.073
1744790530.06, 0.041, -1.519, -1.805, -1.388, 1.571, 0.041, 1.281, 0.059, -0.423, 0.364, 0.000, 1.281, -0.073, 0.073, 0.073, 0.073, 0.073, -0.073, -0.073, -0.073
1744790530.10, 0.081, -1.519, -1.817, -1.377, 1.571, 0.081, 1.225, -0.015, -0.342, 0.357, 0.000, 1.225, -0.073, 0.073, 0.073, 0.073, 0.073, -0.073, -0.073, -0.073
1744790530.13, 0.120, -1.522, -1.826, -1.365, 1.571, 0.120, 1.167, -0.083, -0.267, 0.350, 0.000, 1.167, -0.073, 0.073, 0.073, 0.073, 0.073, -0.073, -0.073, -0.073
1744790530.16, 0.156, -1.527, -1.832, -1.354, 1.571, 0.156, 1.109, -0.145, -0.198, 0.343, 0.000, 1.109, -0.073, 0.073, 0.073, 0.073, 0.073, -0.073, -0.073, -0.073
1744790530.20, 0.191, -1.533, -1.837, -1.343, 1.571, 0.191, 1.050, -0.200, -0.135, 0.334, 0.000, 1.050, -0.073, 0.073, 0.073, 0.073, 0.073, -0.073, -0.073, -0.073
1744790530.23, 0.224, -1.541, -1.839, -1.332, 1.571, 0.224, 0.993, -0.248, -0.077, 0.325, 0.000, 0.993, -0.073, 0.073, 0.073, 0.073, 0.073, -0.073, -0.073, -0.073
1744790530.26, 0.255, -1.551, -1.840, -1.322, 1.571, 0.255, 0.937, -0.290, -0.024, 0.315, 0.000, 0.937, -0.073, 0.073, 0.073, 0.073, 0.073, -0.073, -0.073, -0.073
1744790530.30, 0.284, -1.562, -1.839, -1.312, 1.571, 0.284, 0.883, -0.327, 0.024, 0.303, 0.000, 0.883, -0.073, 0.073, 0.073, 0.073, 0.073, -0.073, -0.073, -0.073
1744790530.33, 0.311, -1.574, -1.837, -1.302, 1.571, 0.311, 0.831, -0.358, 0.068, 0.290, 0.000, 0.831, -0.073, 0.073, 0.073, 0.073, 0.073, -0.073, -0.073, -0.073
1744790530.36, 0.337, -1.586, -1.833, -1.293, 1.571, 0.337, 0.781, -0.384, 0.108, 0.276, 0.000, 0.781, -0.073, 0.073, 0.073, 0.073, 0.073, -0.073, -0.073, -0.073
1744790530.40, 0.361, -1.600, -1.829, -1.284, 1.571, 0.361, 0.734, -0.405, 0.144, 0.261, 0.000, 0.734, -0.073, 0.073, 0.073, 0.073, 0.073, -0.073, -0.073, -0.073
1744790530.43, 0.384, -1.614, -1.823, -1.276, 1.571, 0.384, 0.690, -0.423, 0.177, 0.246, 0.000, 0.690, -0.073, 0.073, 0.073, 0.073, 0.073, -0.073, -0.073, -0.073
1744790530.46, 0.405, -1.628, -1.816, -1.269, 1.571, 0.405, 0.648, -0.436, 0.206, 0.230, 0.000, 0.648, -0.073, 0.073, 0.073, 0.073, 0.073, -0.073, -0.073, -0.073
1744790530.50, 0.425, -1.643, -1.808, -1.262, 1.571, 0.425, 0.609, -0.446, 0.232, 0.214, 0.000, 0.609, -0.073, 0.073, 0.073, 0.073, 0.073, -0.073, -0.073, -0.073
1744790530.53, 0.444, -1.658, -1.800, -1.255, 1.571, 0.444, 0.572, -0.453, 0.255, 0.198, 0.000, 0.572, -0.073, 0.073, 0.073, 0.073, 0.073, -0.073, -0.073, -0.073
1744790530.56, 0.462, -1.673, -1.791, -1.249, 1.571, 0.462, 0.537, -0.458, 0.276, 0.182, 0.000, 0.537, -0.073, 0.073, 0.073, 0.073, 0.073, -0.073, -0.073, -0.073
1744790530.60, 0.479, -1.688, -1.781, -1.244, 1.571, 0.479, 0.505, -0.460, 0.294, 0.166, 0.000, 0.505, -0.073, 0.073, 0.073, 0.073, 0.073, -0.073, -0.073, -0.073
1744790530.63, 0.494, -1.703, -1.771, -1.239, 1.571, 0.494, 0.475, -0.460, 0.310, 0.150, 0.000, 0.475, -0.073, 0.073, 0.073, 0.073, 0.073, -0.073, -0.073, -0.073
1744790530.66, 0.509, -1.718, -1.760, -1.234, 1.571, 0.509, 0.447, -0.459, 0.324, 0.135, 0.000, 0.447, -0.073, 0.073, 0.073, 0.073, 0.073, -0.073, -0.073, -0.073
1744790530.69, 0.523, -1.733, -1.749, -1.230, 1.571, 0.523, 0.421, -0.456, 0.336, 0.120, 0.000, 0.421, -0.073, 0.073, 0.073, 0.073, 0.073, -0.073, -0.073, -0.073
1744790530.73, 0.536, -1.748, -1.738, -1.227, 1.571, 0.536, 0.396, -0.452, 0.346, 0.106, 0.000, 0.396, -0.073, 0.073, 0.073, 0.073, 0.073, -0.073, -0.073, -0.073
1744790530.76, 0.548, -1.763, -1.726, -1.224, 1.571, 0.548, 0.374, -0.447, 0.354, 0.093, 0.000, 0.374, -0.073, 0.073, 0.073, 0.073, 0.073, -0.073, -0.073, -0.073
1744790530.79, 0.560, -1.777, -1.714, -1.221, 1.571, 0.560, 0.352, -0.441, 0.361, 0.080, 0.000, 0.352, -0.073, 0.073, 0.073, 0.073, 0.073, -0.073, -0.073, -0.073
1744790530.83, 0.571, -1.792, -1.702, -1.219, 1.571, 0.571, 0.333, -0.435, 0.366, 0.068, 0.000, 0.333, -0.073, 0.073, 0.073, 0.073, 0.073, -0.073, -0.073, -0.073
1744790530.86, 0.581, -1.806, -1.690, -1.217, 1.571, 0.581, 0.314, -0.427, 0.371, 0.057, 0.000, 0.314, -0.073, 0.073, 0.073, 0.073, 0.073, -0.073, -0.073, -0.073
1744790530.89, 0.591, -1.820, -1.677, -1.215, 1.571, 0.591, 0.297, -0.420, 0.374, 0.046, 0.000, 0.297, -0.073, 0.073, 0.073, 0.073, 0.073, -0.073, -0.073, -0.073
1744790530.93, 0.600, -1.833, -1.665, -1.214, 1.571, 0.600, 0.281, -0.412, 0.376, 0.036, 0.000, 0.281, -0.073, 0.073, 0.073, 0.073, 0.073, -0.073, -0.073, -0.073
1744790530.96, 0.609, -1.847, -1.652, -1.213, 1.571, 0.609, 0.266, -0.404, 0.377, 0.027, 0.000, 0.266, -0.073, 0.073, 0.073, 0.073, 0.073, -0.073, -0.073, -0.073
1744790530.99, 0.618, -1.860, -1.640, -1.213, 1.571, 0.618, 0.252, -0.395, 0.377, 0.018, 0.000, 0.252, -0.073, 0.073, 0.073, 0.073, 0.073, -0.073, -0.073, -0.073
1744790531.03, 0.625, -1.872, -1.628, -1.212, 1.571, 0.625, 0.239, -0.387, 0.377, 0.010, 0.000, 0.239, -0.073, 0.073, 0.073, 0.073, 0.073, -0.073, -0.073, -0.073
1744790531.06, 0.633, -1.885, -1.615, -1.212, 1.571, 0.633, 0.226, -0.378, 0.376, 0.002, 0.000, 0.226, -0.073, 0.073, 0.073, 0.073, 0.073, -0.073, -0.073, -0.073
1744790531.09, 0.640, -1.897, -1.603, -1.212, 1.571, 0.640, 0.215, -0.369, 0.374, -0.005, 0.000, 0.215, -0.073, 0.073, 0.073, 0.073, 0.073, -0.073, -0.073, -0.073
1744790531.13, 0.647, -1.909, -1.591, -1.213, 1.571, 0.647, 0.204, -0.361, 0.372, -0.011, 0.000, 0.204, -0.073, 0.073, 0.073, 0.073, 0.073, -0.073, -0.073, -0.073
1744790531.16, 0.653, -1.921, -1.578, -1.213, 1.571, 0.653, 0.194, -0.352, 0.369, -0.017, 0.000, 0.194, -0.073, 0.073, 0.073, 0.073, 0.073, -0.073, -0.073, -0.073
1744790531.19, 0.659, -1.932, -1.566, -1.214, 1.571, 0.659, 0.184, -0.344, 0.366, -0.022, 0.000, 0.184, -0.073, 0.073, 0.073, 0.073, 0.073, -0.073, -0.073, -0.073
1744790531.23, 0.665, -1.943, -1.554, -1.215, 1.571, 0.665, 0.175, -0.335, 0.362, -0.027, 0.000, 0.175, -0.073, 0.073, 0.073, 0.073, 0.073, -0.073, -0.073, -0.073
1744790531.26, 0.670, -1.954, -1.543, -1.216, 1.571, 0.670, 0.167, -0.327, 0.358, -0.031, 0.000, 0.167, -0.073, 0.073, 0.073, 0.073, 0.073, -0.073, -0.073, -0.073
1744790531.29, 0.676, -1.964, -1.531, -1.217, 1.571, 0.676, 0.159, -0.318, 0.354, -0.035, 0.000, 0.159, -0.073, 0.073, 0.073, 0.073, 0.073, -0.073, -0.073, -0.073
1744790531.33, 0.681, -1.975, -1.519, -1.218, 1.571, 0.681, 0.151, -0.310, 0.349, -0.039, 0.000, 0.151, -0.073, 0.073, 0.073, 0.073, 0.073, -0.073, -0.073, -0.073
1744790531.36, 0.685, -1.985, -1.508, -1.220, 1.571, 0.685, 0.144, -0.302, 0.344, -0.042, 0.000, 0.144, -0.073, 0.073, 0.073, 0.073, 0.073, -0.073, -0.073, -0.073
1744790531.39, 0.690, -1.994, -1.497, -1.221, 1.571, 0.690, 0.137, -0.294, 0.339, -0.045, 0.000, 0.137, -0.073, 0.073, 0.073, 0.073, 0.073, -0.073, -0.073, -0.073
1744790531.42, 0.694, -2.004, -1.486, -1.223, 1.571, 0.694, 0.131, -0.286, 0.334, -0.048, 0.000, 0.131, -0.073, 0.073, 0.073, 0.073, 0.073, -0.073, -0.073, -0.073
1744790531.46, 0.698, -2.013, -1.475, -1.225, 1.571, 0.698, 0.125, -0.279, 0.329, -0.050, 0.000, 0.125, -0.073, 0.073, 0.073, 0.073, 0.073, -0.073, -0.073, -0.073
1744790531.49, 0.702, -2.022, -1.464, -1.226, 1.571, 0.702, 0.119, -0.271, 0.323, -0.052, 0.000, 0.119, -0.073, 0.073, 0.073, 0.073, 0.073, -0.073, -0.073, -0.073
1744790531.52, 0.706, -2.031, -1.454, -1.228, 1.571, 0.706, 0.114, -0.264, 0.318, -0.054, 0.000, 0.114, -0.073, 0.073, 0.073, 0.073, 0.073, -0.073, -0.073, -0.073
1744790531.56, 0.710, -2.039, -1.444, -1.230, 1.571, 0.710, 0.109, -0.257, 0.312, -0.055, 0.000, 0.109, -0.073, 0.073, 0.073, 0.073, 0.073, -0.073, -0.073, -0.073
1744790531.59, 0.713, -2.047, -1.433, -1.232, 1.571, 0.713, 0.104, -0.250, 0.306, -0.056, 0.000, 0.104, -0.073, 0.073, 0.073, 0.073, 0.073, -0.073, -0.073, -0.073
1744790531.62, 0.716, -2.055, -1.424, -1.234, 1.571, 0.716, 0.100, -0.243, 0.300, -0.057, 0.000, 0.100, -0.073, 0.073, 0.073, 0.073, 0.073, -0.073, -0.073, -0.073
1744790531.66, 0.720, -2.063, -1.414, -1.236, 1.571, 0.720, 0.095, -0.236, 0.295, -0.058, 0.000, 0.095, -0.073, 0.073, 0.073, 0.073, 0.073, -0.073, -0.073, -0.073
1744790531.69, 0.723, -2.071, -1.404, -1.237, 1.571, 0.723, 0.091, -0.230, 0.289, -0.059, 0.000, 0.091, -0.073, 0.073, 0.073, 0.073, 0.073, -0.073, -0.073, -0.073
1744790531.72, 0.726, -2.078, -1.395, -1.239, 1.571, 0.726, 0.088, -0.223, 0.283, -0.060, 0.000, 0.088, -0.073, 0.073, 0.073, 0.073, 0.073, -0.073, -0.073, -0.073
1744790531.76, 0.728, -2.085, -1.386, -1.241, 1.571, 0.728, 0.084, -0.217, 0.277, -0.060, 0.000, 0.084, -0.073, 0.073, 0.073, 0.073, 0.073, -0.073, -0.073, -0.073
1744790531.79, 0.731, -2.092, -1.377, -1.243, 1.571, 0.731, 0.080, -0.211, 0.271, -0.060, 0.000, 0.080, -0.073, 0.073, 0.073, 0.073, 0.073, -0.073, -0.073, -0.073
1744790531.82, 0.733, -2.099, -1.368, -1.245, 1.571, 0.733, 0.077, -0.205, 0.265, -0.060, 0.000, 0.077, -0.073, 0.073, 0.073, 0.073, 0.073, -0.073, -0.073, -0.073
1744790531.86, 0.736, -2.105, -1.360, -1.247, 1.571, 0.736, 0.074, -0.199, 0.259, -0.060, 0.000, 0.074, -0.073, 0.073, 0.073, 0.073, 0.073, -0.073, -0.073, -0.073
1744790531.89, 0.738, -2.112, -1.351, -1.249, 1.571, 0.738, 0.071, -0.194, 0.254, -0.060, 0.000, 0.071, -0.073, 0.073, 0.073, 0.073, 0.073, -0.073, -0.073, -0.073
1744790531.92, 0.740, -2.118, -1.343, -1.251, 1.571, 0.740, 0.068, -0.188, 0.248, -0.060, 0.000, 0.068, -0.073, 0.073, 0.073, 0.073, 0.073, -0.073, -0.073, -0.073
1744790531.95, 0.743, -2.124, -1.335, -1.253, 1.571, 0.743, 0.065, -0.183, 0.242, -0.060, 0.000, 0.065, -0.073, 0.073, 0.073, 0.073, 0.073, -0.073, -0.073, -0.073
1744790531.99, 0.745, -2.130, -1.327, -1.255, 1.571, 0.745, 0.063, -0.177, 0.237, -0.059, 0.000, 0.063, -0.073, 0.073, 0.073, 0.073, 0.073, -0.073, -0.073, -0.073
1744790532.02, 0.747, -2.136, -1.320, -1.257, 1.571, 0.747, 0.060, -0.172, 0.231, -0.059, 0.000, 0.060, -0.073, 0.073, 0.073, 0.073, 0.073, -0.073, -0.073, -0.073
1744790532.05, 0.749, -2.141, -1.312, -1.259, 1.571, 0.749, 0.058, -0.167, 0.226, -0.058, 0.000, 0.058, -0.073, 0.073, 0.073, 0.073, 0.073, -0.073, -0.073, -0.073
1744790532.09, 0.750, -2.147, -1.305, -1.261, 1.571, 0.750, 0.055, -0.163, 0.220, -0.058, 0.000, 0.055, -0.073, 0.073, 0.073, 0.073, 0.073, -0.073, -0.073, -0.073
1744790532.12, 0.752, -2.152, -1.298, -1.263, 1.571, 0.752, 0.053, -0.158, 0.215, -0.057, 0.000, 0.053, -0.073, 0.073, 0.073, 0.073, 0.073, -0.073, -0.073, -0.073
1744790532.15, 0.754, -2.157, -1.291, -1.265, 1.571, 0.754, 0.051, -0.153, 0.210, -0.056, 0.000, 0.051, -0.073, 0.073, 0.073, 0.073, 0.073, -0.073, -0.073, -0.073
1744790532.19, 0.755, -2.162, -1.284, -1.267, 1.571, 0.755, 0.049, -0.149, 0.204, -0.056, 0.000, 0.049, -0.073, 0.073, 0.073, 0.073, 0.073, -0.073, -0.073, -0.073
1744790532.22, 0.757, -2.166, -1.278, -1.268, 1.571, 0.757, 0.047, -0.144, 0.199, -0.055, 0.000, 0.047, -0.073, 0.073, 0.073, 0.073, 0.073, -0.073, -0.073, -0.073
1744790532.25, 0.759, -2.171, -1.271, -1.270, 1.571, 0.759, 0.045, -0.140, 0.194, -0.054, 0.000, 0.045, -0.073, 0.073, 0.073, 0.073, 0.073, -0.073, -0.073, -0.073
1744790532.29, 0.760, -2.176, -1.265, -1.272, 1.571, 0.760, 0.044, -0.136, 0.189, -0.053, 0.000, 0.044, -0.073, 0.073, 0.073, 0.073, 0.073, -0.073, -0.073, -0.073
1744790532.32, 0.761, -2.180, -1.259, -1.274, 1.571, 0.761, 0.042, -0.132, 0.184, -0.052, 0.000, 0.042, -0.073, 0.073, 0.073, 0.073, 0.073, -0.073, -0.073, -0.073
1744790532.35, 0.763, -2.184, -1.253, -1.275, 1.571, 0.763, 0.040, -0.128, 0.180, -0.051, 0.000, 0.040, -0.073, 0.073, 0.073, 0.073, 0.073, -0.073, -0.073, -0.073
1744790532.38, 0.764, -2.188, -1.247, -1.277, 1.571, 0.764, 0.039, -0.124, 0.175, -0.050, 0.000, 0.039, -0.073, 0.073, 0.073, 0.073, 0.073, -0.073, -0.073, -0.073
1744790532.42, 0.765, -2.192, -1.241, -1.279, 1.571, 0.765, 0.037, -0.121, 0.170, -0.050, 0.000, 0.037, -0.073, 0.073, 0.073, 0.073, 0.073, -0.073, -0.073, -0.073
1744790532.45, 0.766, -2.196, -1.236, -1.280, 1.571, 0.766, 0.036, -0.117, 0.166, -0.049, 0.000, 0.036, -0.073, 0.073, 0.073, 0.073, 0.073, -0.073, -0.073, -0.073
1744790532.48, 0.768, -2.200, -1.231, -1.282, 1.571, 0.768, 0.035, -0.114, 0.161, -0.048, 0.000, 0.035, -0.073, 0.073, 0.073, 0.073, 0.073, -0.073, -0.073, -0.073
1744790532.52, 0.769, -2.204, -1.225, -1.283, 1.571, 0.769, 0.033, -0.110, 0.157, -0.047, 0.000, 0.033, -0.073, 0.073, 0.073, 0.073, 0.073, -0.073, -0.073, -0.073
1744790532.55, 0.770, -2.207, -1.220, -1.285, 1.571, 0.770, 0.032, -0.107, 0.153, -0.046, 0.000, 0.032, -0.073, 0.073, 0.073, 0.073, 0.073, -0.073, -0.073, -0.073
1744790532.59, 0.771, -2.210, -1.216, -1.286, 1.571, 0.771, 0.031, -0.104, 0.149, -0.045, 0.000, 0.031, -0.073, 0.073, 0.073, 0.073, 0.073, -0.073, -0.073, -0.073
1744790532.62, 0.772, -2.214, -1.211, -1.288, 1.571, 0.772, 0.030, -0.101, 0.144, -0.044, 0.000, 0.030, -0.073, 0.073, 0.073, 0.073, 0.073, -0.073, -0.073, -0.073
1744790532.65, 0.773, -2.217, -1.206, -1.289, 1.571, 0.773, 0.029, -0.098, 0.141, -0.043, 0.000, 0.029, -0.073, 0.073, 0.073, 0.073, 0.073, -0.073, -0.073, -0.073
1744790532.68, 0.774, -2.220, -1.202, -1.291, 1.571, 0.774, 0.028, -0.095, 0.137, -0.042, 0.000, 0.028, -0.073, 0.073, 0.073, 0.073, 0.073, -0.073, -0.073, -0.073
1744790532.72, 0.775, -2.223, -1.197, -1.292, 1.571, 0.775, 0.027, -0.092, 0.133, -0.041, 0.000, 0.027, -0.073, 0.073, 0.073, 0.073, 0.073, -0.073, -0.073, -0.073
1744790532.75, 0.775, -2.226, -1.193, -1.293, 1.571, 0.775, 0.026, -0.089, 0.129, -0.040, 0.000, 0.026, -0.073, 0.073, 0.073, 0.073, 0.073, -0.073, -0.073, -0.073
1744790532.78, 0.776, -2.229, -1.189, -1.295, 1.571, 0.776, 0.025, -0.086, 0.125, -0.039, 0.000, 0.025, -0.073, 0.073, 0.073, 0.073, 0.073, -0.073, -0.073, -0.073
1744790532.82, 0.777, -2.232, -1.185, -1.296, 1.571, 0.777, 0.024, -0.084, 0.122, -0.038, 0.000, 0.024, -0.073, 0.073, 0.073, 0.073, 0.073, -0.073, -0.073, -0.073
1744790532.85, 0.778, -2.234, -1.181, -1.297, 1.571, 0.778, 0.023, -0.081, 0.118, -0.037, 0.000, 0.023, -0.073, 0.073, 0.073, 0.073, 0.073, -0.073, -0.073, -0.073
1744790532.88, 0.778, -2.237, -1.177, -1.298, 1.571, 0.778, 0.022, -0.079, 0.115, -0.036, 0.000, 0.022, -0.073, 0.073, 0.073, 0.073, 0.073, -0.073, -0.073, -0.073
1744790532.92, 0.779, -2.239, -1.173, -1.299, 1.571, 0.779, 0.021, -0.076, 0.112, -0.036, 0.000, 0.021, -0.073, 0.073, 0.073, 0.073, 0.073, -0.073, -0.073, -0.073
1744790532.95, 0.780, -2.242, -1.170, -1.301, 1.571, 0.780, 0.021, -0.074, 0.109, -0.035, 0.000, 0.021, -0.073, 0.073, 0.073, 0.073, 0.073, -0.073, -0.073, -0.073
1744790532.98, 0.781, -2.244, -1.166, -1.302, 1.571, 0.781, 0.020, -0.072, 0.105, -0.034, 0.000, 0.020, -0.073, 0.073, 0.073, 0.073, 0.073, -0.073, -0.073, -0.073
1744790533.02, 0.781, -2.247, -1.163, -1.303, 1.571, 0.781, 0.019, -0.069, 0.102, -0.033, 0.000, 0.019, -0.073, 0.073, 0.073, 0.073, 0.073, -0.073, -0.073, -0.073
1744790533.05, 0.782, -2.249, -1.160, -1.304, 1.571, 0.782, 0.019, -0.067, 0.099, -0.032, 0.000, 0.019, -0.073, 0.073, 0.073, 0.073, 0.073, -0.073, -0.073, -0.073
1744790533.08, 0.782, -2.251, -1.157, -1.305, 1.571, 0.782, 0.018, -0.065, 0.096, -0.031, 0.000, 0.018, -0.073, 0.073, 0.073, 0.073, 0.073, -0.073, -0.073, -0.073
1744790533.11, 0.783, -2.253, -1.153, -1.306, 1.571, 0.783, 0.017, -0.063, 0.094, -0.030, 0.000, 0.017, -0.073, 0.073, 0.073, 0.073, 0.073, -0.073, -0.073, -0.073
1744790533.15, 0.783, -2.255, -1.150, -1.307, 1.571, 0.783, 0.017, -0.061, 0.091, -0.030, 0.000, 0.017, -0.073, 0.073, 0.073, 0.073, 0.073, -0.073, -0.073, -0.073
1744790533.18, 0.784, -2.257, -1.148, -1.308, 1.571, 0.784, 0.016, -0.059, 0.088, -0.029, 0.000, 0.016, -0.073, 0.073, 0.073, 0.073, 0.073, -0.073, -0.073, -0.073
1744790533.21, 0.785, -2.259, -1.145, -1.309, 1.571, 0.785, 0.016, -0.057, 0.085, -0.028, 0.000, 0.016, -0.073, 0.073, 0.073, 0.073, 0.073, -0.073, -0.073, -0.073
1744790533.25, 0.785, -2.261, -1.142, -1.310, 1.571, 0.785, 0.015, -0.056, 0.083, -0.027, 0.000, 0.015, -0.073, 0.073, 0.073, 0.073, 0.073, -0.073, -0.073, -0.073
1744790533.28, 0.785, -2.262, -1.139, -1.311, 1.571, 0.785, 0.014, -0.054, 0.080, -0.027, 0.000, 0.014, -0.073, 0.073, 0.073, 0.073, 0.073, -0.073, -0.073, -0.073
1744790533.31, 0.786, -2.264, -1.137, -1.311, 1.571, 0.786, 0.014, -0.052, 0.078, -0.026, 0.000, 0.014, -0.073, 0.073, 0.073, 0.073, 0.073, -0.073, -0.073, -0.073
1744790533.35, 0.786, -2.266, -1.134, -1.312, 1.571, 0.786, 0.013, -0.051, 0.076, -0.025, 0.000, 0.013, -0.073, 0.073, 0.073, 0.073, 0.073, -0.073, -0.073, -0.073
1744790533.38, 0.787, -2.267, -1.132, -1.313, 1.571, 0.787, 0.013, -0.049, 0.073, -0.024, 0.000, 0.013, -0.073, 0.073, 0.073, 0.073, 0.073, -0.073, -0.073, -0.073
1744790533.41, 0.787, -2.269, -1.130, -1.314, 1.571, 0.787, 0.013, -0.047, 0.071, -0.024, 0.000, 0.013, -0.073, 0.073, 0.073, 0.073, 0.073, -0.073, -0.073, -0.073
1744790533.45, 0.788, -2.271, -1.127, -1.315, 1.571, 0.788, 0.012, -0.046, 0.069, -0.023, 0.000, 0.012, -0.073, 0.073, 0.073, 0.073, 0.073, -0.073, -0.073, -0.073
1744790533.48, 0.788, -2.272, -1.125, -1.315, 1.571, 0.788, 0.012, -0.044, 0.067, -0.022, 0.000, 0.012, -0.073, 0.073, 0.073, 0.073, 0.073, -0.073, -0.073, -0.073
1744790533.51, 0.788, -2.273, -1.123, -1.316, 1.571, 0.788, 0.011, -0.043, 0.065, -0.022, 0.000, 0.011, -0.073, 0.073, 0.073, 0.073, 0.073, -0.073, -0.073, -0.073
1744790533.55, 0.789, -2.275, -1.121, -1.317, 1.571, 0.789, 0.011, -0.042, 0.063, -0.021, 0.000, 0.011, -0.073, 0.073, 0.073, 0.073, 0.073, -0.073, -0.073, -0.073
1744790533.58, 0.789, -2.276, -1.119, -1.317, 1.571, 0.789, 0.011, -0.040, 0.061, -0.021, 0.000, 0.011, -0.073, 0.073, 0.073, 0.073, 0.073, -0.073, -0.073, -0.073
1744790533.61, 0.789, -2.277, -1.117, -1.318, 1.571, 0.789, 0.010, -0.039, 0.059, -0.020, 0.000, 0.010, -0.073, 0.073, 0.073, 0.073, 0.073, -0.073, -0.073, -0.073
1744790533.64, 0.790, -2.279, -1.115, -1.319, 1.571, 0.790, 0.010, -0.038, 0.057, -0.019, 0.000, 0.010, -0.073, 0.073, 0.073, 0.073, 0.073, -0.073, -0.073, -0.073
1744790533.68, 0.790, -2.280, -1.113, -1.319, 1.571, 0.790, 0.009, -0.037, 0.056, -0.019, 0.000, 0.009, -0.073, 0.073, 0.073, 0.073, 0.073, -0.073, -0.073, -0.073
1744790533.71, 0.790, -2.281, -1.111, -1.320, 1.571, 0.790, 0.009, -0.036, 0.054, -0.018, 0.000, 0.009, -0.073, 0.073, 0.073, 0.073, 0.073, -0.073, -0.073, -0.073
1744790533.74, 0.791, -2.282, -1.110, -1.321, 1.571, 0.791, 0.009, -0.034, 0.052, -0.018, 0.000, 0.009, -0.073, 0.073, 0.073, 0.073, 0.073, -0.073, -0.073, -0.073
1744790533.78, 0.791, -2.283, -1.108, -1.321, 1.571, 0.791, 0.009, -0.033, 0.051, -0.017, 0.000, 0.009, -0.073, 0.073, 0.073, 0.073, 0.073, -0.073, -0.073, -0.073
1744790533.81, 0.791, -2.284, -1.106, -1.322, 1.571, 0.791, 0.008, -0.032, 0.049, -0.017, 0.000, 0.008, -0.073, 0.073, 0.073, 0.073, 0.073, -0.073, -0.073, -0.073
1744790533.84, 0.791, -2.285, -1.105, -1.322, 1.571, 0.791, 0.008, -0.031, 0.047, -0.016, 0.000, 0.008, -0.073, 0.073, 0.073, 0.073, 0.073, -0.073, -0.073, -0.073
1744790533.88, 0.792, -2.286, -1.103, -1.323, 1.571, 0.792, 0.008, -0.030, 0.046, -0.016, 0.000, 0.008, -0.073, 0.073, 0.073, 0.073, 0.073, -0.073, -0.073, -0.073
1744790533.91, 0.792, -2.287, -1.102, -1.323, 1.571, 0.792, 0.007, -0.029, 0.044, -0.015, 0.000, 0.007, -0.073, 0.073, 0.073, 0.073, 0.073, -0.073, -0.073, -0.073
1744790533.94, 0.792, -2.288, -1.100, -1.324, 1.571, 0.792, 0.007, -0.028, 0.043, -0.015, 0.000, 0.007, -0.073, 0.073, 0.073, 0.073, 0.073, -0.073, -0.073, -0.073
1744790533.98, 0.792, -2.289, -1.099, -1.324, 1.571, 0.792, 0.007, -0.027, 0.042, -0.014, 0.000, 0.007, -0.073, 0.073, 0.073, 0.073, 0.073, -0.073, -0.073, -0.073
1744790534.01, 0.793, -2.290, -1.098, -1.325, 1.571, 0.793, 0.007, -0.027, 0.040, -0.014, 0.000, 0.007, -0.073, 0.073, 0.073, 0.073, 0.073, -0.073, -0.073, -0.073
1744790534.04, 0.793, -2.291, -1.096, -1.325, 1.571, 0.793, 0.006, -0.026, 0.039, -0.013, 0.000, 0.006, -0.073, 0.073, 0.073, 0.073, 0.073, -0.073, -0.073, -0.073
1744790534.07, 0.793, -2.292, -1.095, -1.326, 1.571, 0.793, 0.006, -0.025, 0.038, -0.013, 0.000, 0.006, -0.073, 0.073, 0.073, 0.073, 0.073, -0.073, -0.073, -0.073
1744790534.11, 0.793, -2.293, -1.094, -1.326, 1.571, 0.793, 0.006, -0.024, 0.037, -0.013, 0.000, 0.006, -0.073, 0.073, 0.073, 0.073, 0.073, -0.073, -0.073, -0.073
1744790534.14, 0.793, -2.293, -1.093, -1.326, 1.571, 0.793, 0.006, -0.023, 0.036, -0.012, 0.000, 0.006, -0.073, 0.073, 0.073, 0.073, 0.073, -0.073, -0.073, -0.073
1744790534.18, 0.794, -2.294, -1.092, -1.327, 1.571, 0.794, 0.006, -0.023, 0.034, -0.012, 0.000, 0.006, -0.073, 0.073, 0.073, 0.073, 0.073, -0.073, -0.073, -0.073
1744790534.21, 0.794, -2.295, -1.090, -1.327, 1.571, 0.794, 0.005, -0.022, 0.033, -0.012, 0.000, 0.005, -0.073, 0.073, 0.073, 0.073, 0.073, -0.073, -0.073, -0.073
1744790534.24, 0.794, -2.295, -1.089, -1.327, 1.571, 0.794, 0.005, -0.021, 0.032, -0.011, 0.000, 0.005, -0.073, 0.073, 0.073, 0.073, 0.073, -0.073, -0.073, -0.073
1744790534.28, 0.794, -2.296, -1.088, -1.328, 1.571, 0.794, 0.005, -0.020, 0.031, -0.011, 0.000, 0.005, -0.073, 0.073, 0.073, 0.073, 0.073, -0.073, -0.073, -0.073
1744790534.31, 0.794, -2.297, -1.087, -1.328, 1.571, 0.794, 0.005, -0.020, 0.030, -0.011, 0.000, 0.005, -0.073, 0.073, 0.073, 0.073, 0.073, -0.073, -0.073, -0.073
1744790534.34, 0.795, -2.297, -1.086, -1.329, 1.571, 0.795, 0.005, -0.019, 0.029, -0.010, 0.000, 0.005, -0.073, 0.073, 0.073, 0.073, 0.073, -0.073, -0.073, -0.073
1744790534.37, 0.795, -2.298, -1.085, -1.329, 1.571, 0.795, 0.005, -0.018, 0.028, -0.010, 0.000, 0.005, -0.073, 0.073, 0.073, 0.073, 0.073, -0.073, -0.073, -0.073
1744790534.41, 0.795, -2.299, -1.085, -1.329, 1.571, 0.795, 0.004, -0.018, 0.027, -0.010, 0.000, 0.004, -0.073, 0.073, 0.073, 0.073, 0.073, -0.073, -0.073, -0.073
1744790534.44, 0.795, -2.299, -1.084, -1.329, 1.571, 0.795, 0.004, -0.017, 0.027, -0.009, 0.000, 0.004, -0.073, 0.073, 0.073, 0.073, 0.073, -0.073, -0.073, -0.073
1744790534.47, 0.795, -2.300, -1.083, -1.330, 1.571, 0.795, 0.004, -0.017, 0.026, -0.009, 0.000, 0.004, -0.073, 0.073, 0.073, 0.073, 0.073, -0.073, -0.073, -0.073
1744790534.51, 0.795, -2.300, -1.082, -1.330, 1.571, 0.795, 0.004, -0.016, 0.025, -0.009, 0.000, 0.004, -0.073, 0.073, 0.073, 0.073, 0.073, -0.073, -0.073, -0.073
1744790534.54, 0.795, -2.301, -1.081, -1.330, 1.571, 0.795, 0.004, -0.016, 0.024, -0.008, 0.000, 0.004, -0.073, 0.073, 0.073, 0.073, 0.073, -0.073, -0.073, -0.073
1744790534.57, 0.795, -2.301, -1.080, -1.331, 1.571, 0.795, 0.004, -0.015, 0.023, -0.008, 0.000, 0.004, -0.073, 0.073, 0.073, 0.073, 0.073, -0.073, -0.073, -0.073
1744790534.61, 0.796, -2.302, -1.080, -1.331, 1.571, 0.796, 0.004, -0.015, 0.023, -0.008, 0.000, 0.004, -0.073, 0.073, 0.073, 0.073, 0.073, -0.073, -0.073, -0.073
1744790534.64, 0.796, -2.302, -1.079, -1.331, 1.571, 0.796, 0.004, -0.014, 0.022, -0.008, 0.000, 0.004, -0.073, 0.073, 0.073, 0.073, 0.073, -0.073, -0.073, -0.073
1744790534.67, 0.796, -2.303, -1.078, -1.331, 1.571, 0.796, 0.003, -0.014, 0.021, -0.007, 0.000, 0.003, -0.073, 0.073, 0.073, 0.073, 0.073, -0.073, -0.073, -0.073
1744790534.71, 0.796, -2.303, -1.078, -1.332, 1.571, 0.796, 0.003, -0.013, 0.020, -0.007, 0.000, 0.003, -0.073, 0.073, 0.073, 0.073, 0.073, -0.073, -0.073, -0.073
1744790534.74, 0.796, -2.304, -1.077, -1.332, 1.571, 0.796, 0.003, -0.013, 0.020, -0.007, 0.000, 0.003, -0.073, 0.073, 0.073, 0.073, 0.073, -0.073, -0.073, -0.073
1744790534.77, 0.796, -2.304, -1.076, -1.332, 1.571, 0.796, 0.003, -0.012, 0.019, -0.007, 0.000, 0.003, -0.073, 0.073, 0.073, 0.073, 0.073, -0.073, -0.073, -0.073
1744790534.81, 0.796, -2.304, -1.076, -1.332, 1.571, 0.796, 0.003, -0.012, 0.019, -0.007, 0.000, 0.003, -0.073, 0.073, 0.073, 0.073, 0.073, -0.073, -0.073, -0.073
1744790534.84, 0.796, -2.305, -1.075, -1.332, 1.571, 0.796, 0.003, -0.012, 0.018, -0.006, 0.000, 0.003, -0.073, 0.073, 0.073, 0.073, 0.073, -0.073, -0.073, -0.073
1744790534.87, 0.796, -2.305, -1.075, -1.333, 1.571, 0.796, 0.003, -0.011, 0.017, -0.006, 0.000, 0.003, -0.073, 0.073, 0.073, 0.073, 0.073, -0.073, -0.073, -0.073
1744790534.91, 0.797, -2.305, -1.074, -1.333, 1.571, 0.797, 0.003, -0.011, 0.017, -0.006, 0.000, 0.003, -0.073, 0.073, 0.073, 0.073, 0.073, -0.073, -0.073, -0.073
1744790534.94, 0.797, -2.306, -1.073, -1.333, 1.571, 0.797, 0.003, -0.011, 0.016, -0.006, 0.000, 0.003, -0.073, 0.073, 0.073, 0.073, 0.073, -0.073, -0.073, -0.073
1744790534.97, 0.797, -2.306, -1.073, -1.333, 1.571, 0.797, 0.002, -0.010, 0.016, -0.006, 0.000, 0.002, -0.073, 0.073, 0.073, 0.073, 0.073, -0.073, -0.073, -0.073
1744790535.01, 0.797, -2.307, -1.072, -1.333, 1.571, 0.797, 0.002, -0.010, 0.015, -0.005, 0.000, 0.002, -0.073, 0.073, 0.073, 0.073, 0.073, -0.073, -0.073, -0.073
1744790535.04, 0.797, -2.307, -1.072, -1.334, 1.571, 0.797, 0.002, -0.010, 0.015, -0.005, 0.000, 0.002, -0.073, 0.073, 0.073, 0.073, 0.073, -0.073, -0.073, -0.073
1744790535.07, 0.797, -2.307, -1.072, -1.334, 1.571, 0.797, 0.002, -0.009, 0.014, -0.005, 0.000, 0.002, -0.073, 0.073, 0.073, 0.073, 0.073, -0.073, -0.073, -0.073
1744790535.11, 0.797, -2.307, -1.071, -1.334, 1.571, 0.797, 0.002, -0.009, 0.014, -0.005, 0.000, 0.002, -0.073, 0.073, 0.073, 0.073, 0.073, -0.073, -0.073, -0.073
1744790535.14, 0.797, -2.308, -1.071, -1.334, 1.571, 0.797, 0.002, -0.009, 0.013, -0.005, 0.000, 0.002, -0.073, 0.073, 0.073, 0.073, 0.073, -0.073, -0.073, -0.073
1744790535.17, 0.797, -2.308, -1.070, -1.334, 1.571, 0.797, 0.002, -0.008, 0.013, -0.005, 0.000, 0.002, -0.073, 0.073, 0.073, 0.073, 0.073, -0.073, -0.073, -0.073
1744790535.20, 0.797, -2.308, -1.070, -1.334, 1.571, 0.797, 0.002, -0.008, 0.012, -0.004, 0.000, 0.002, -0.073, 0.073, 0.073, 0.073, 0.073, -0.073, -0.073, -0.073
1744790535.24, 0.797, -2.309, -1.069, -1.335, 1.571, 0.797, 0.002, -0.008, 0.012, -0.004, 0.000, 0.002, -0.073, 0.073, 0.073, 0.073, 0.073, -0.073, -0.073, -0.073
1744790535.27, 0.797, -2.309, -1.069, -1.335, 1.571, 0.797, 0.002, -0.008, 0.012, -0.004, 0.000, 0.002, -0.073, 0.073, 0.073, 0.073, 0.073, -0.073, -0.073, -0.073
1744790535.30, 0.797, -2.309, -1.069, -1.335, 1.571, 0.797, 0.002, -0.007, 0.011, -0.004, 0.000, 0.002, -0.073, 0.073, 0.073, 0.073, 0.073, -0.073, -0.073, -0.073
1744790535.34, 0.797, -2.309, -1.068, -1.335, 1.571, 0.797, 0.002, -0.007, 0.011, -0.004, 0.000, 0.002, -0.073, 0.073, 0.073, 0.073, 0.073, -0.073, -0.073, -0.073
1744790535.37, 0.797, -2.309, -1.068, -1.335, 1.571, 0.797, 0.002, -0.007, 0.011, -0.004, 0.000, 0.002, -0.073, 0.073, 0.073, 0.073, 0.073, -0.073, -0.073, -0.073
1744790535.40, 0.798, -2.310, -1.068, -1.335, 1.571, 0.798, 0.002, -0.007, 0.010, -0.004, 0.000, 0.002, -0.073, 0.073, 0.073, 0.073, 0.073, -0.073, -0.073, -0.073
1744790535.44, 0.798, -2.310, -1.067, -1.335, 1.571, 0.798, 0.002, -0.006, 0.010, -0.004, 0.000, 0.002, -0.073, 0.073, 0.073, 0.073, 0.073, -0.073, -0.073, -0.073
1744790535.47, 0.798, -2.310, -1.067, -1.335, 1.571, 0.798, 0.002, -0.006, 0.010, -0.003, 0.000, 0.002, -0.073, 0.073, 0.073, 0.073, 0.073, -0.073, -0.073, -0.073
1744790535.50, 0.798, -2.310, -1.067, -1.335, 1.571, 0.798, 0.001, -0.006, 0.009, -0.003, 0.000, 0.001, -0.073, 0.073, 0.073, 0.073, 0.073, -0.073, -0.073, -0.073
1744790535.54, 0.798, -2.310, -1.066, -1.336, 1.571, 0.798, 0.001, -0.006, 0.009, -0.003, 0.000, 0.001, -0.073, 0.073, 0.073, 0.073, 0.073, -0.073, -0.073, -0.073
1744790535.57, 0.798, -2.311, -1.066, -1.336, 1.571, 0.798, 0.001, -0.006, 0.009, -0.003, 0.000, 0.001, -0.073, 0.073, 0.073, 0.073, 0.073, -0.073, -0.073, -0.073
1744790535.60, 0.798, -2.311, -1.066, -1.336, 1.571, 0.798, 0.001, -0.005, 0.008, -0.003, 0.000, 0.001, -0.073, 0.073, 0.073, 0.073, 0.073, -0.073, -0.073, -0.073
1744790535.64, 0.798, -2.311, -1.065, -1.336, 1.571, 0.798, 0.001, -0.005, 0.008, -0.003, 0.000, 0.001, -0.073, 0.073, 0.073, 0.073, 0.073, -0.073, -0.073, -0.073
1744790535.67, 0.798, -2.311, -1.065, -1.336, 1.571, 0.798, 0.001, -0.005, 0.008, -0.003, 0.000, 0.001, -0.073, 0.073, 0.073, 0.073, 0.073, -0.073, -0.073, -0.073
1744790535.70, 0.798, -2.311, -1.065, -1.336, 1.571, 0.798, 0.001, -0.005, 0.008, -0.003, 0.000, 0.001, -0.073, 0.073, 0.073, 0.073, 0.073, -0.073, -0.073, -0.073
1744790535.74, 0.798, -2.312, -1.065, -1.336, 1.571, 0.798, 0.001, -0.005, 0.007, -0.003, 0.000, 0.001, -0.073, 0.073, 0.073, 0.073, 0.073, -0.073, -0.073, -0.073
1744790535.77, 0.798, -2.312, -1.064, -1.336, 1.571, 0.798, 0.001, -0.005, 0.007, -0.003, 0.000, 0.001, -0.073, 0.073, 0.073, 0.073, 0.073, -0.073, -0.073, -0.073
1744790535.80, 0.798, -2.312, -1.064, -1.336, 1.571, 0.798, 0.001, -0.004, 0.007, -0.002, 0.000, 0.001, -0.073, 0.073, 0.073, 0.073, 0.073, -0.073, -0.073, -0.073
1744790535.84, 0.798, -2.312, -1.064, -1.336, 1.571, 0.798, 0.001, -0.004, 0.007, -0.002, 0.000, 0.001, -0.073, 0.073, 0.073, 0.073, 0.073, -0.073, -0.073, -0.073
1744790535.87, 0.798, -2.312, -1.064, -1.336, 1.571, 0.798, 0.001, -0.004, 0.006, -0.002, 0.000, 0.001, -0.073, 0.073, 0.073, 0.073, 0.073, -0.073, -0.073, -0.073
1744790535.90, 0.798, -2.312, -1.064, -1.337, 1.571, 0.798, 0.001, -0.004, 0.006, -0.002, 0.000, 0.001, -0.073, 0.073, 0.073, 0.073, 0.073, -0.073, -0.073, -0.073
1744790535.94, 0.798, -2.312, -1.063, -1.337, 1.571, 0.798, 0.001, -0.004, 0.006, -0.002, 0.000, 0.001, -0.073, 0.073, 0.073, 0.073, 0.073, -0.073, -0.073, -0.073
1744790535.97, 0.798, -2.312, -1.063, -1.337, 1.571, 0.798, 0.001, -0.004, 0.006, -0.002, 0.000, 0.001, -0.073, 0.073, 0.073, 0.073, 0.073, -0.073, -0.073, -0.073
1744790536.00, 0.798, -2.313, -1.063, -1.337, 1.571, 0.798, 0.001, -0.004, 0.006, -0.002, 0.000, 0.001, -0.073, 0.073, 0.073, 0.073, 0.073, -0.073, -0.073, -0.073
1744790536.03, 0.798, -2.313, -1.063, -1.337, 1.571, 0.798, 0.001, -0.004, 0.005, -0.002, 0.000, 0.001, -0.073, 0.073, 0.073, 0.073, 0.073, -0.073, -0.073, -0.073
1744790536.07, 0.798, -2.313, -1.063, -1.337, 1.571, 0.798, 0.001, -0.003, 0.005, -0.002, 0.000, 0.001, -0.073, 0.073, 0.073, 0.073, 0.073, -0.073, -0.073, -0.073
1744790536.10, 0.798, -2.313, -1.063, -1.337, 1.571, 0.798, 0.001, -0.003, 0.005, -0.002, 0.000, 0.001, -0.073, 0.073, 0.073, 0.073, 0.073, -0.073, -0.073, -0.073
1744790536.14, 0.798, -2.313, -1.062, -1.337, 1.571, 0.798, 0.001, -0.003, 0.005, -0.002, 0.000, 0.001, -0.073, 0.073, 0.073, 0.073, 0.073, -0.073, -0.073, -0.073
1744790536.17, 0.798, -2.313, -1.062, -1.337, 1.571, 0.798, 0.001, -0.003, 0.005, -0.002, 0.000, 0.001, -0.073, 0.073, 0.073, 0.073, 0.073, -0.073, -0.073, -0.073
1744790536.20, 0.798, -2.313, -1.062, -1.337, 1.571, 0.798, 0.001, -0.003, 0.005, -0.002, 0.000, 0.001, -0.073, 0.073, 0.073, 0.073, 0.073, -0.073, -0.073, -0.073
1744790536.23, 0.798, -2.313, -1.062, -1.337, 1.571, 0.798, 0.001, -0.003, 0.004, -0.002, 0.000, 0.001, -0.073, 0.073, 0.073, 0.073, 0.073, -0.073, -0.073, -0.073
1744790536.27, 0.798, -2.313, -1.062, -1.337, 1.571, 0.798, 0.001, -0.003, 0.004, -0.002, 0.000, 0.001, -0.073, 0.073, 0.073, 0.073, 0.073, -0.073, -0.073, -0.073
1744790536.30, 0.798, -2.313, -1.062, -1.337, 1.571, 0.798, 0.001, -0.003, 0.004, -0.001, 0.000, 0.001, -0.073, 0.073, 0.073, 0.073, 0.073, -0.073, -0.073, -0.073
1744790536.34, 0.798, -2.314, -1.062, -1.337, 1.571, 0.798, 0.001, -0.003, 0.004, -0.001, 0.000, 0.001, -0.073, 0.073, 0.073, 0.073, 0.073, -0.073, -0.073, -0.073
1744790536.37, 0.799, -2.314, -1.061, -1.337, 1.571, 0.799, 0.001, -0.003, 0.004, -0.001, 0.000, 0.001, -0.073, 0.073, 0.073, 0.073, 0.073, -0.073, -0.073, -0.073
1744790536.40, 0.799, -2.314, -1.061, -1.337, 1.571, 0.799, 0.001, -0.002, 0.004, -0.001, 0.000, 0.001, -0.073, 0.073, 0.073, 0.073, 0.073, -0.073, -0.073, -0.073
1744790536.43, 0.799, -2.314, -1.061, -1.337, 1.571, 0.799, 0.001, -0.002, 0.004, -0.001, 0.000, 0.001, -0.073, 0.073, 0.073, 0.073, 0.073, -0.073, -0.073, -0.073
1744790536.47, 0.799, -2.314, -1.061, -1.337, 1.571, 0.799, 0.001, -0.002, 0.004, -0.001, 0.000, 0.001, -0.073, 0.073, 0.073, 0.073, 0.073, -0.073, -0.073, -0.073
1744790536.50, 0.799, -2.314, -1.061, -1.338, 1.571, 0.799, 0.001, -0.002, 0.003, -0.001, 0.000, 0.001, -0.073, 0.073, 0.073, 0.073, 0.073, -0.073, -0.073, -0.073
1744790536.54, 0.799, -2.314, -1.061, -1.338, 1.571, 0.799, 0.001, -0.002, 0.003, -0.001, 0.000, 0.001, -0.073, 0.073, 0.073, 0.073, 0.073, -0.073, -0.073, -0.073
1744790536.57, 0.799, -2.314, -1.061, -1.338, 1.571, 0.799, 0.000, -0.002, 0.003, -0.001, 0.000, 0.000, -0.073, 0.073, 0.073, 0.073, 0.073, -0.073, -0.073, -0.073
1744790536.61, 0.799, -2.314, -1.061, -1.338, 1.571, 0.799, 0.000, -0.002, 0.003, -0.001, 0.000, 0.000, -0.073, 0.073, 0.073, 0.073, 0.073, -0.073, -0.073, -0.073
1744790536.64, 0.799, -2.314, -1.060, -1.338, 1.571, 0.799, 0.000, -0.002, 0.003, -0.001, 0.000, 0.000, -0.073, 0.073, 0.073, 0.073, 0.073, -0.073, -0.073, -0.073
1744790536.67, 0.799, -2.314, -1.060, -1.338, 1.571, 0.799, 0.000, -0.002, 0.003, -0.001, 0.000, 0.000, -0.073, 0.073, 0.073, 0.073, 0.073, -0.073, -0.073, -0.073
1744790536.70, 0.799, -2.314, -1.060, -1.338, 1.571, 0.799, 0.000, -0.002, 0.003, -0.001, 0.000, 0.000, -0.073, 0.073, 0.073, 0.073, 0.073, -0.073, -0.073, -0.073
1744790536.74, 0.799, -2.314, -1.060, -1.338, 1.571, 0.799, 0.000, -0.002, 0.003, -0.001, 0.000, 0.000, -0.073, 0.073, 0.073, 0.073, 0.073, -0.073, -0.073, -0.073
1744790536.77, 0.799, -2.314, -1.060, -1.338, 1.571, 0.799, 0.000, -0.002, 0.003, -0.001, 0.000, 0.000, -0.073, 0.073, 0.073, 0.073, 0.073, -0.073, -0.073, -0.073
1744790536.80, 0.799, -2.315, -1.060, -1.338, 1.571, 0.799, 0.000, -0.002, 0.003, -0.001, 0.000, 0.000, -0.073, 0.073, 0.073, 0.073, 0.073, -0.073, -0.073, -0.073
1744790536.84, 0.799, -2.315, -1.060, -1.338, 1.571, 0.799, 0.000, -0.002, 0.002, -0.001, 0.000, 0.000, -0.073, 0.073, 0.073, 0.073, 0.073, -0.073, -0.073, -0.073
1744790536.87, 0.799, -2.315, -1.060, -1.338, 1.571, 0.799, 0.000, -0.002, 0.002, -0.001, 0.000, 0.000, -0.073, 0.073, 0.073, 0.073, 0.073, -0.073, -0.073, -0.073
1744790536.90, 0.799, -2.315, -1.060, -1.338, 1.571, 0.799, 0.000, -0.001, 0.002, -0.001, 0.000, 0.000, -0.073, 0.073, 0.073, 0.073, 0.073, -0.073, -0.073, -0.073
1744790536.94, 0.799, -2.315, -1.060, -1.338, 1.571, 0.799, 0.000, -0.001, 0.002, -0.001, 0.000, 0.000, -0.073, 0.073, 0.073, 0.073, 0.073, -0.073, -0.073, -0.073
1744790536.97, 0.799, -2.315, -1.060, -1.338, 1.571, 0.799, 0.000, -0.001, 0.002, -0.001, 0.000, 0.000, -0.073, 0.073, 0.073, 0.073, 0.073, -0.073, -0.073, -0.073
1744790537.00, 0.799, -2.315, -1.060, -1.338, 1.571, 0.799, 0.000, -0.001, 0.002, -0.001, 0.000, 0.000, -0.073, 0.073, 0.073, 0.073, 0.073, -0.073, -0.073, -0.073
1744790537.04, 0.799, -2.315, -1.060, -1.338, 1.571, 0.799, 0.000, -0.001, 0.002, -0.001, 0.000, 0.000, -0.073, 0.073, 0.073, 0.073, 0.073, -0.073, -0.073, -0.073
1744790537.07, 0.799, -2.315, -1.059, -1.338, 1.571, 0.799, 0.000, -0.001, 0.002, -0.001, 0.000, 0.000, -0.073, 0.073, 0.073, 0.073, 0.073, -0.073, -0.073, -0.073
1744790537.10, 0.799, -2.315, -1.059, -1.338, 1.571, 0.799, 0.000, -0.001, 0.002, -0.001, 0.000, 0.000, -0.073, 0.073, 0.073, 0.073, 0.073, -0.073, -0.073, -0.073
1744790537.14, 0.799, -2.315, -1.059, -1.338, 1.571, 0.799, 0.000, -0.001, 0.002, -0.001, 0.000, 0.000, -0.073, 0.073, 0.073, 0.073, 0.073, -0.073, -0.073, -0.073
1744790537.17, 0.799, -2.315, -1.059, -1.338, 1.571, 0.799, 0.000, -0.001, 0.002, -0.001, 0.000, 0.000, -0.073, 0.073, 0.073, 0.073, 0.073, -0.073, -0.073, -0.073
1744790537.20, 0.799, -2.315, -1.059, -1.338, 1.571, 0.799, 0.000, -0.001, 0.002, -0.001, 0.000, 0.000, -0.073, 0.073, 0.073, 0.073, 0.073, -0.073, -0.073, -0.073
1744790537.24, 0.799, -2.315, -1.059, -1.338, 1.571, 0.799, 0.000, -0.001, 0.002, -0.001, 0.000, 0.000, -0.073, 0.073, 0.073, 0.073, 0.073, -0.073, -0.073, -0.073
1744790537.27, 0.799, -2.315, -1.059, -1.338, 1.571, 0.799, 0.000, -0.001, 0.002, -0.001, 0.000, 0.000, -0.073, 0.073, 0.073, 0.073, 0.073, -0.073, -0.073, -0.073
1744790537.30, 0.799, -2.315, -1.059, -1.338, 1.571, 0.799, 0.000, -0.001, 0.002, -0.001, 0.000, 0.000, -0.073, 0.073, 0.073, 0.073, 0.073, -0.073, -0.073, -0.073
1744790537.34, 0.799, -2.315, -1.059, -1.338, 1.571, 0.799, 0.000, -0.001, 0.001, -0.001, 0.000, 0.000, -0.073, 0.073, 0.073, 0.073, 0.073, -0.073, -0.073, -0.073
1744790537.37, 0.799, -2.315, -1.059, -1.338, 1.571, 0.799, 0.000, -0.001, 0.001, -0.001, 0.000, 0.000, -0.073, 0.073, 0.073, 0.073, 0.073, -0.073, -0.073, -0.073
1744790537.40, 0.799, -2.315, -1.059, -1.338, 1.571, 0.799, 0.000, -0.001, 0.001, -0.000, 0.000, 0.000, -0.073, 0.073, 0.073, 0.073, 0.073, -0.073, -0.073, -0.073
1744790537.44, 0.799, -2.315, -1.059, -1.338, 1.571, 0.799, 0.000, -0.001, 0.001, -0.000, 0.000, 0.000, -0.073, 0.073, 0.073, 0.073, 0.073, -0.073, -0.073, -0.073
1744790537.47, 0.799, -2.315, -1.059, -1.338, 1.571, 0.799, 0.000, -0.001, 0.001, -0.000, 0.000, 0.000, -0.073, 0.073, 0.073, 0.073, 0.073, -0.073, -0.073, -0.073
1744790537.50, 0.799, -2.315, -1.059, -1.338, 1.571, 0.799, 0.000, -0.001, 0.001, -0.000, 0.000, 0.000, -0.073, 0.073, 0.073, 0.073, 0.073, -0.073, -0.073, -0.073
1744790537.53, 0.799, -2.315, -1.059, -1.338, 1.571, 0.799, 0.000, -0.001, 0.001, -0.000, 0.000, 0.000, -0.073, 0.073, 0.073, 0.073, 0.073, -0.073, -0.073, -0.073
1744790537.57, 0.799, -2.315, -1.059, -1.338, 1.571, 0.799, 0.000, -0.001, 0.001, -0.000, 0.000, 0.000, -0.073, 0.073, 0.073, 0.073, 0.073, -0.073, -0.073, -0.073
1744790537.60, 0.799, -2.315, -1.059, -1.338, 1.571, 0.799, 0.000, -0.001, 0.001, -0.000, 0.000, 0.000, -0.073, 0.073, 0.073, 0.073, 0.073, -0.073, -0.073, -0.073
1744790537.63, 0.799, -2.315, -1.059, -1.338, 1.571, 0.799, 0.000, -0.001, 0.001, -0.000, 0.000, 0.000, -0.073, 0.073, 0.073, 0.073, 0.073, -0.073, -0.073, -0.073
1744790537.67, 0.799, -2.315, -1.059, -1.338, 1.571, 0.799, 0.000, -0.001, 0.001, -0.000, 0.000, 0.000, -0.073, 0.073, 0.073, 0.073, 0.073, -0.073, -0.073, -0.073
1744790537.70, 0.799, -2.315, -1.059, -1.338, 1.571, 0.799, 0.000, -0.001, 0.001, -0.000, 0.000, 0.000, -0.073, 0.073, 0.073, 0.073, 0.073, -0.073, -0.073, -0.073
1744790537.73, 0.799, -2.315, -1.059, -1.338, 1.571, 0.799, 0.000, -0.001, 0.001, -0.000, 0.000, 0.000, -0.073, 0.073, 0.073, 0.073, 0.073, -0.073, -0.073, -0.073
1744790537.77, 0.799, -2.316, -1.059, -1.338, 1.571, 0.799, 0.000, -0.001, 0.001, -0.000, 0.000, 0.000, -0.073, 0.073, 0.073, 0.073, 0.073, -0.073, -0.073, -0.073
1744790537.80, 0.799, -2.316, -1.058, -1.338, 1.571, 0.799, 0.000, -0.001, 0.001, -0.000, 0.000, 0.000, -0.073, 0.073, 0.073, 0.073, 0.073, -0.073, -0.073, -0.073
1744790537.83, 0.799, -2.316, -1.058, -1.338, 1.571, 0.799, 0.000, -0.001, 0.001, -0.000, 0.000, 0.000, -0.073, 0.073, 0.073, 0.073, 0.073, -0.073, -0.073, -0.073
1744790537.87, 0.799, -2.316, -1.058, -1.338, 1.571, 0.799, 0.000, -0.001, 0.001, -0.000, 0.000, 0.000, -0.073, 0.073, 0.073, 0.073, 0.073, -0.073, -0.073, -0.073
1744790537.90, 0.799, -2.316, -1.058, -1.338, 1.571, 0.799, 0.000, -0.001, 0.001, -0.000, 0.000, 0.000, -0.073, 0.073, 0.073, 0.073, 0.073, -0.073, -0.073, -0.073
1744790537.93, 0.799, -2.316, -1.058, -1.338, 1.571, 0.799, 0.000, -0.001, 0.001, -0.000, 0.000, 0.000, -0.073, 0.073, 0.073, 0.073, 0.073, -0.073, -0.073, -0.073
1744790537.97, 0.799, -2.316, -1.058, -1.338, 1.571, 0.799, 0.000, -0.001, 0.001, -0.000, 0.000, 0.000, -0.073, 0.073, 0.073, 0.073, 0.073, -0.073, -0.073, -0.073
1744790538.00, 0.799, -2.316, -1.058, -1.338, 1.571, 0.799, 0.000, -0.000, 0.001, -0.000, 0.000, 0.000, -0.073, 0.073, 0.073, 0.073, 0.073, -0.073, -0.073, -0.073
1744790538.04, 0.799, -2.316, -1.058, -1.338, 1.571, 0.799, 0.000, -0.000, 0.001, -0.000, 0.000, 0.000, -0.073, 0.073, 0.073, 0.073, 0.073, -0.073, -0.073, -0.073
1744790538.07, 0.799, -2.316, -1.058, -1.338, 1.571, 0.799, 0.000, -0.000, 0.001, -0.000, 0.000, 0.000, -0.073, 0.073, 0.073, 0.073, 0.073, -0.073, -0.073, -0.073
1744790538.10, 0.799, -2.316, -1.058, -1.338, 1.571, 0.799, 0.000, -0.000, 0.001, -0.000, 0.000, 0.000, -0.073, 0.073, 0.073, 0.073, 0.073, -0.073, -0.073, -0.073
1744790538.13, 0.799, -2.316, -1.058, -1.338, 1.571, 0.799, 0.000, -0.000, 0.001, -0.000, 0.000, 0.000, -0.073, 0.073, 0.073, 0.073, 0.073, -0.073, -0.073, -0.073
1744790538.17, 0.799, -2.316, -1.058, -1.338, 1.571, 0.799, 0.000, -0.000, 0.001, -0.000, 0.000, 0.000, -0.073, 0.073, 0.073, 0.073, 0.073, -0.073, -0.073, -0.073
1744790538.20, 0.799, -2.316, -1.058, -1.338, 1.571, 0.799, 0.000, -0.000, 0.001, -0.000, 0.000, 0.000, -0.073, 0.073, 0.073, 0.073, 0.073, -0.073, -0.073, -0.073
1744790538.23, 0.799, -2.316, -1.058, -1.338, 1.571, 0.799, 0.000, -0.000, 0.001, -0.000, 0.000, 0.000, -0.073, 0.073, 0.073, 0.073, 0.073, -0.073, -0.073, -0.073
1744790538.27, 0.799, -2.316, -1.058, -1.338, 1.571, 0.799, 0.000, -0.000, 0.001, -0.000, 0.000, 0.000, -0.073, 0.073, 0.073, 0.073, 0.073, -0.073, -0.073, -0.073
1744790538.30, 0.799, -2.316, -1.058, -1.338, 1.571, 0.799, 0.000, -0.000, 0.001, -0.000, 0.000, 0.000, -0.073, 0.073, 0.073, 0.073, 0.073, -0.073, -0.073, -0.073
1744790538.33, 0.799, -2.316, -1.058, -1.339, 1.571, 0.799, 0.000, -0.000, 0.001, -0.000, 0.000, 0.000, -0.073, 0.073, 0.073, 0.073, 0.073, -0.073, -0.073, -0.073
1744790538.37, 0.799, -2.316, -1.058, -1.339, 1.571, 0.799, 0.000, -0.000, 0.001, -0.000, 0.000, 0.000, -0.073, 0.073, 0.073, 0.073, 0.073, -0.073, -0.073, -0.073
1744790538.40, 0.799, -2.316, -1.058, -1.339, 1.571, 0.799, 0.000, -0.000, 0.001, -0.000, 0.000, 0.000, -0.073, 0.073, 0.073, 0.073, 0.073, -0.073, -0.073, -0.073
1744790538.43, 0.799, -2.316, -1.058, -1.339, 1.571, 0.799, 0.000, -0.000, 0.000, -0.000, 0.000, 0.000, -0.073, 0.073, 0.073, 0.073, 0.073, -0.073, -0.073, -0.073
1744790538.47, 0.799, -2.316, -1.058, -1.339, 1.571, 0.799, 0.000, -0.000, 0.000, -0.000, 0.000, 0.000, -0.073, 0.073, 0.073, 0.073, 0.073, -0.073, -0.073, -0.073
1744790538.50, 0.799, -2.316, -1.058, -1.339, 1.571, 0.799, 0.000, -0.000, 0.000, -0.000, 0.000, 0.000, -0.073, 0.073, 0.073, 0.073, 0.073, -0.073, -0.073, -0.073
1744790538.53, 0.799, -2.316, -1.058, -1.339, 1.571, 0.799, 0.000, -0.000, 0.000, -0.000, 0.000, 0.000, -0.073, 0.073, 0.073, 0.073, 0.073, -0.073, -0.073, -0.073
1744790538.57, 0.799, -2.316, -1.058, -1.339, 1.571, 0.799, 0.000, -0.000, 0.000, -0.000, 0.000, 0.000, -0.073, 0.073, 0.073, 0.073, 0.073, -0.073, -0.073, -0.073
1744790538.60, 0.799, -2.316, -1.058, -1.339, 1.571, 0.799, 0.000, -0.000, 0.000, -0.000, 0.000, 0.000, -0.073, 0.073, 0.073, 0.073, 0.073, -0.073, -0.073, -0.073
1744790538.63, 0.799, -2.316, -1.058, -1.339, 1.571, 0.799, 0.000, -0.000, 0.000, -0.000, 0.000, 0.000, -0.073, 0.073, 0.073, 0.073, 0.073, -0.073, -0.073, -0.073
1744790538.66, 0.799, -2.316, -1.058, -1.339, 1.571, 0.799, 0.000, -0.000, 0.000, -0.000, 0.000, 0.000, -0.073, 0.073, 0.073, 0.073, 0.073, -0.073, -0.073, -0.073
1744790538.70, 0.799, -2.316, -1.058, -1.339, 1.571, 0.799, 0.000, -0.000, 0.000, -0.000, 0.000, 0.000, -0.073, 0.073, 0.073, 0.073, 0.073, -0.073, -0.073, -0.073
1744790538.73, 0.799, -2.316, -1.058, -1.339, 1.571, 0.799, 0.000, -0.000, 0.000, -0.000, 0.000, 0.000, -0.073, 0.073, 0.073, 0.073, 0.073, -0.073, -0.073, -0.073
1744790538.76, 0.799, -2.316, -1.058, -1.339, 1.571, 0.799, 0.000, -0.000, 0.000, -0.000, 0.000, 0.000, -0.073, 0.073, 0.073, 0.073, 0.073, -0.073, -0.073, -0.073
1744790538.80, 0.799, -2.316, -1.058, -1.339, 1.571, 0.799, 0.000, -0.000, 0.000, -0.000, 0.000, 0.000, -0.073, 0.073, 0.073, 0.073, 0.073, -0.073, -0.073, -0.073
1744790538.83, 0.799, -2.316, -1.058, -1.339, 1.571, 0.799, 0.000, -0.000, 0.000, -0.000, 0.000, 0.000, -0.073, 0.073, 0.073, 0.073, 0.073, -0.073, -0.073, -0.073
1744790538.86, 0.799, -2.316, -1.058, -1.339, 1.571, 0.799, 0.000, -0.000, 0.000, -0.000, 0.000, 0.000, -0.073, 0.073, 0.073, 0.073, 0.073, -0.073, -0.073, -0.073
1744790538.90, 0.799, -2.316, -1.058, -1.339, 1.571, 0.799, 0.000, -0.000, 0.000, -0.000, 0.000, 0.000, -0.073, 0.073, 0.073, 0.073, 0.073, -0.073, -0.073, -0.073
1744790538.93, 0.799, -2.316, -1.058, -1.339, 1.571, 0.799, 0.000, -0.000, 0.000, -0.000, 0.000, 0.000, -0.073, 0.073, 0.073, 0.073, 0.073, -0.073, -0.073, -0.073
1744790538.96, 0.799, -2.316, -1.058, -1.339, 1.571, 0.799, 0.000, -0.000, 0.000, -0.000, 0.000, 0.000, -0.073, 0.073, 0.073, 0.073, 0.073, -0.073, -0.073, -0.073
1744790539.00, 0.799, -2.316, -1.058, -1.339, 1.571, 0.799, 0.000, -0.000, 0.000, -0.000, 0.000, 0.000, -0.073, 0.073, 0.073, 0.073, 0.073, -0.073, -0.073, -0.073
1744790539.03, 0.799, -2.316, -1.058, -1.339, 1.571, 0.799, 0.000, -0.000, 0.000, -0.000, 0.000, 0.000, -0.073, 0.073, 0.073, 0.073, 0.073, -0.073, -0.073, -0.073
1744790539.06, 0.799, -2.316, -1.058, -1.339, 1.571, 0.799, 0.000, -0.000, 0.000, -0.000, 0.000, 0.000, -0.073, 0.073, 0.073, 0.073, 0.073, -0.073, -0.073, -0.073
1744790539.09, 0.799, -2.316, -1.058, -1.339, 1.571, 0.799, 0.000, -0.000, 0.000, -0.000, 0.000, 0.000, -0.073, 0.073, 0.073, 0.073, 0.073, -0.073, -0.073, -0.073
1744790539.13, 0.799, -2.316, -1.058, -1.339, 1.571, 0.799, 0.000, -0.000, 0.000, -0.000, 0.000, 0.000, -0.073, 0.073, 0.073, 0.073, 0.073, -0.073, -0.073, -0.073
1744790539.16, 0.799, -2.316, -1.058, -1.339, 1.571, 0.799, 0.000, -0.000, 0.000, -0.000, 0.000, 0.000, -0.073, 0.073, 0.073, 0.073, 0.073, -0.073, -0.073, -0.073
1744790539.19, 0.799, -2.316, -1.058, -1.339, 1.571, 0.799, 0.000, -0.000, 0.000, -0.000, 0.000, 0.000, -0.073, 0.073, 0.073, 0.073, 0.073, -0.073, -0.073, -0.073
1744790539.23, 0.799, -2.316, -1.058, -1.339, 1.571, 0.799, 0.000, -0.000, 0.000, -0.000, 0.000, 0.000, -0.073, 0.073, 0.073, 0.073, 0.073, -0.073, -0.073, -0.073
1744790539.26, 0.799, -2.316, -1.058, -1.339, 1.571, 0.799, 0.000, -0.000, 0.000, -0.000, 0.000, 0.000, -0.073, 0.073, 0.073, 0.073, 0.073, -0.073, -0.073, -0.073
1744790539.29, 0.799, -2.316, -1.058, -1.339, 1.571, 0.799, 0.000, -0.000, 0.000, -0.000, 0.000, 0.000, -0.073, 0.073, 0.073, 0.073, 0.073, -0.073, -0.073, -0.073
1744790539.33, 0.799, -2.316, -1.058, -1.339, 1.571, 0.799, 0.000, -0.000, 0.000, -0.000, 0.000, 0.000, -0.073, 0.073, 0.073, 0.073, 0.073, -0.073, -0.073, -0.073
1744790539.36, 0.799, -2.316, -1.058, -1.339, 1.571, 0.799, 0.000, -0.000, 0.000, -0.000, 0.000, 0.000, -0.073, 0.073, 0.073, 0.073, 0.073, -0.073, -0.073, -0.073
1744790539.39, 0.799, -2.316, -1.058, -1.339, 1.571, 0.799, 0.000, -0.000, 0.000, -0.000, 0.000, 0.000, -0.073, 0.073, 0.073, 0.073, 0.073, -0.073, -0.073, -0.073
1744790539.43, 0.799, -2.316, -1.058, -1.339, 1.571, 0.799, 0.000, -0.000, 0.000, -0.000, 0.000, 0.000, -0.073, 0.073, 0.073, 0.073, 0.073, -0.073, -0.073, -0.073
1744790539.46, 0.799, -2.316, -1.058, -1.339, 1.571, 0.799, 0.000, -0.000, 0.000, -0.000, 0.000, 0.000, -0.073, 0.073, 0.073, 0.073, 0.073, -0.073, -0.073, -0.073
1744790539.49, 0.799, -2.316, -1.058, -1.339, 1.571, 0.799, 0.000, -0.000, 0.000, -0.000, 0.000, 0.000, -0.073, 0.073, 0.073, 0.073, 0.073, -0.073, -0.073, -0.073
1744790539.53, 0.799, -2.316, -1.058, -1.339, 1.571, 0.799, 0.000, -0.000, 0.000, -0.000, 0.000, 0.000, -0.073, 0.073, 0.073, 0.073, 0.073, -0.073, -0.073, -0.073
1744790539.56, 0.799, -2.316, -1.058, -1.339, 1.571, 0.799, 0.000, -0.000, 0.000, -0.000, 0.000, 0.000, -0.073, 0.073, 0.073, 0.073, 0.073, -0.073, -0.073, -0.073
1744790539.59, 0.799, -2.316, -1.058, -1.339, 1.571, 0.799, 0.000, -0.000, 0.000, -0.000, 0.000, 0.000, -0.073, 0.073, 0.073, 0.073, 0.073, -0.073, -0.073, -0.073
1744790539.63, 0.799, -2.316, -1.058, -1.339, 1.571, 0.799, 0.000, -0.000, 0.000, -0.000, 0.000, 0.000, -0.073, 0.073, 0.073, 0.073, 0.073, -0.073, -0.073, -0.073
1744790539.66, 0.799, -2.316, -1.058, -1.339, 1.571, 0.799, 0.000, -0.000, 0.000, -0.000, 0.000, 0.000, -0.073, 0.073, 0.073, 0.073, 0.073, -0.073, -0.073, -0.073
1744790539.69, 0.799, -2.316, -1.058, -1.339, 1.571, 0.799, 0.000, -0.000, 0.000, -0.000, 0.000, 0.000, -0.073, 0.073, 0.073, 0.073, 0.073, -0.073, -0.073, -0.073
1744790539.73, 0.799, -2.316, -1.058, -1.339, 1.571, 0.799, 0.000, -0.000, 0.000, -0.000, 0.000, 0.000, -0.073, 0.073, 0.073, 0.073, 0.073, -0.073, -0.073, -0.073
1744790539.76, 0.799, -2.316, -1.058, -1.339, 1.571, 0.799, 0.000, -0.000, 0.000, -0.000, 0.000, 0.000, -0.073, 0.073, 0.073, 0.073, 0.073, -0.073, -0.073, -0.073
1744790539.79, 0.799, -2.316, -1.058, -1.339, 1.571, 0.799, 0.000, -0.000, 0.000, -0.000, 0.000, 0.000, -0.073, 0.073, 0.073, 0.073, 0.073, -0.073, -0.073, -0.073
1744790539.82, 0.799, -2.316, -1.058, -1.339, 1.571, 0.799, 0.000, -0.000, 0.000, -0.000, 0.000, 0.000, -0.073, 0.073, 0.073, 0.073, 0.073, -0.073, -0.073, -0.073
1744790539.86, 0.799, -2.316, -1.058, -1.339, 1.571, 0.799, 0.000, -0.000, 0.000, -0.000, 0.000, 0.000, -0.073, 0.073, 0.073, 0.073, 0.073, -0.073, -0.073, -0.073
1744790539.89, 0.799, -2.316, -1.058, -1.339, 1.571, 0.799, 0.000, -0.000, 0.000, -0.000, 0.000, 0.000, -0.073, 0.073, 0.073, 0.073, 0.073, -0.073, -0.073, -0.073
1744790539.92, 0.799, -2.316, -1.058, -1.339, 1.571, 0.799, 0.000, -0.000, 0.000, -0.000, 0.000, 0.000, -0.073, 0.073, 0.073, 0.073, 0.073, -0.073, -0.073, -0.073
1744790539.96, 0.799, -2.316, -1.058, -1.339, 1.571, 0.799, 0.000, -0.000, 0.000, -0.000, 0.000, 0.000, -0.073, 0.073, 0.073, 0.073, 0.073, -0.073, -0.073, -0.073
1744790539.99, 0.799, -2.316, -1.058, -1.339, 1.571, 0.799, 0.000, -0.000, 0.000, -0.000, 0.000, 0.000, -0.073, 0.073, 0.073, 0.073, 0.073, -0.073, -0.073, -0.073
1744790540.02, 0.799, -2.316, -1.058, -1.339, 1.571, 0.799, 0.000, -0.000, 0.000, -0.000, 0.000, 0.000, -0.073, 0.073, 0.073, 0.073, 0.073, -0.073, -0.073, -0.073
1744790540.06, 0.799, -2.316, -1.058, -1.339, 1.571, 0.799, 0.000, -0.000, 0.000, -0.000, 0.000, 0.000, -0.073, 0.073, 0.073, 0.073, 0.073, -0.073, -0.073, -0.073
1744790540.09, 0.799, -2.316, -1.058, -1.339, 1.571, 0.799, 0.000, -0.000, 0.000, -0.000, 0.000, 0.000, -0.073, 0.073, 0.073, 0.073, 0.073, -0.073, -0.073, -0.073
1744790540.12, 0.799, -2.316, -1.058, -1.339, 1.571, 0.799, 0.000, -0.000, 0.000, -0.000, 0.000, 0.000, -0.073, 0.073, 0.073, 0.073, 0.073, -0.073, -0.073, -0.073
1744790540.16, 0.799, -2.316, -1.058, -1.339, 1.571, 0.799, 0.000, -0.000, 0.000, -0.000, 0.000, 0.000, -0.073, 0.073, 0.073, 0.073, 0.073, -0.073, -0.073, -0.073
1744790540.19, 0.799, -2.316, -1.058, -1.339, 1.571, 0.799, 0.000, -0.000, 0.000, -0.000, 0.000, 0.000, -0.073, 0.073, 0.073, 0.073, 0.073, -0.073, -0.073, -0.073
1744790540.22, 0.799, -2.316, -1.058, -1.339, 1.571, 0.799, 0.000, -0.000, 0.000, -0.000, 0.000, 0.000, -0.073, 0.073, 0.073, 0.073, 0.073, -0.073, -0.073, -0.073
1744790540.25, 0.799, -2.316, -1.058, -1.339, 1.571, 0.799, 0.000, -0.000, 0.000, -0.000, 0.000, 0.000, -0.073, 0.073, 0.073, 0.073, 0.073, -0.073, -0.073, -0.073
1744790540.29, 0.799, -2.316, -1.058, -1.339, 1.571, 0.799, 0.000, -0.000, 0.000, -0.000, 0.000, 0.000, -0.073, 0.073, 0.073, 0.073, 0.073, -0.073, -0.073, -0.073
1744790540.32, 0.799, -2.316, -1.058, -1.339, 1.571, 0.799, 0.000, -0.000, 0.000, -0.000, 0.000, 0.000, -0.073, 0.073, 0.073, 0.073, 0.073, -0.073, -0.073, -0.073
1744790540.35, 0.799, -2.316, -1.058, -1.339, 1.571, 0.799, 0.000, -0.000, 0.000, -0.000, 0.000, 0.000, -0.073, 0.073, 0.073, 0.073, 0.073, -0.073, -0.073, -0.073
1744790540.39, 0.799, -2.316, -1.058, -1.339, 1.571, 0.799, 0.000, -0.000, 0.000, -0.000, 0.000, 0.000, -0.073, 0.073, 0.073, 0.073, 0.073, -0.073, -0.073, -0.073
1744790540.42, 0.799, -2.316, -1.058, -1.339, 1.571, 0.799, 0.000, -0.000, 0.000, -0.000, 0.000, 0.000, -0.073, 0.073, 0.073, 0.073, 0.073, -0.073, -0.073, -0.073
1744790540.45, 0.799, -2.316, -1.058, -1.339, 1.571, 0.799, 0.000, -0.000, 0.000, -0.000, 0.000, 0.000, -0.073, 0.073, 0.073, 0.073, 0.073, -0.073, -0.073, -0.073
1744790540.49, 0.799, -2.316, -1.058, -1.339, 1.571, 0.799, 0.000, -0.000, 0.000, -0.000, 0.000, 0.000, -0.073, 0.073, 0.073, 0.073, 0.073, -0.073, -0.073, -0.073
